% latex table generated in R 3.6.0 by xtable 1.8-4 package
% Mon Jun 17 18:54:08 2019
\begin{table}[ht]
\centering
\begin{tabular}{rrrrrrrrrrr}
  \hline
 & OLS & Ridge & Lasso & ENET & PCR & PLSR & GLM & RandomF & GBRT & Oracle \\ 
  \hline
OLS & 0.00 & 1.15 & 2.06 & 2.08 & 0.73 & 0.81 & 0.89 & 1.98 & 1.79 & 2.78 \\ 
  Ridge & -1.15 & 0.00 & 1.49 & 1.61 & -1.15 & -0.93 & -0.01 & 0.94 & 1.02 & 1.37 \\ 
  Lasso & -2.06 & -1.49 & 0.00 & 0.28 & -1.87 & -2.17 & -1.42 & -0.28 & -0.56 & 0.76 \\ 
  ENET & -2.08 & -1.61 & -0.28 & 0.00 & -1.96 & -2.20 & -1.44 & -0.29 & -0.59 & 0.74 \\ 
  PCR & -0.73 & 1.15 & 1.87 & 1.96 & 0.00 & 0.20 & 0.62 & 1.37 & 1.29 & 1.74 \\ 
  PLSR & -0.81 & 0.93 & 2.17 & 2.20 & -0.20 & 0.00 & 0.40 & 1.53 & 1.75 & 2.01 \\ 
  GLM & -0.89 & 0.01 & 1.42 & 1.44 & -0.62 & -0.40 & 0.00 & 1.03 & 0.90 & 1.61 \\ 
  RandomF & -1.98 & -0.94 & 0.28 & 0.29 & -1.37 & -1.53 & -1.03 & 0.00 & -0.13 & 1.07 \\ 
  GBRT & -1.79 & -1.02 & 0.56 & 0.59 & -1.29 & -1.75 & -0.90 & 0.13 & 0.00 & 0.94 \\ 
  Oracle & -2.78 & -1.37 & -0.76 & -0.74 & -1.74 & -2.01 & -1.61 & -1.07 & -0.94 & 0.00 \\ 
   \hline
\end{tabular}
\end{table}
