% latex table generated in R 3.6.0 by xtable 1.8-4 package
% Mon Jun 17 18:54:08 2019
\begin{table}[ht]
\centering
\begin{tabular}{rrrrrrrrrrr}
  \hline
 & OLS & Ridge & Lasso & ENET & PCR & PLSR & GLM & RandomF & GBRT & Oracle \\ 
  \hline
OLS & 0.00 & 0.72 & 1.31 & 1.33 & 0.05 & 0.39 & 0.40 & 1.14 & 1.17 & 2.26 \\ 
  Ridge & -0.72 & 0.00 & 0.92 & 0.88 & -1.08 & -0.37 & -0.48 & 0.50 & 0.58 & 1.17 \\ 
  Lasso & -1.31 & -0.92 & 0.00 & 0.21 & -1.31 & -1.00 & -0.87 & -0.06 & -0.14 & 0.60 \\ 
  ENET & -1.33 & -0.88 & -0.21 & 0.00 & -1.49 & -1.05 & -1.02 & -0.05 & -0.19 & 0.60 \\ 
  PCR & -0.05 & 1.08 & 1.31 & 1.49 & 0.00 & 0.71 & 0.30 & 1.15 & 1.10 & 1.51 \\ 
  PLSR & -0.39 & 0.37 & 1.00 & 1.05 & -0.71 & 0.00 & -0.15 & 0.77 & 0.87 & 1.44 \\ 
  GLM & -0.40 & 0.48 & 0.87 & 1.02 & -0.30 & 0.15 & 0.00 & 0.74 & 0.73 & 1.20 \\ 
  RandomF & -1.14 & -0.50 & 0.06 & 0.05 & -1.15 & -0.77 & -0.74 & 0.00 & 0.06 & 0.91 \\ 
  GBRT & -1.17 & -0.58 & 0.14 & 0.19 & -1.10 & -0.87 & -0.73 & -0.06 & 0.00 & 0.70 \\ 
  Oracle & -2.26 & -1.17 & -0.60 & -0.60 & -1.51 & -1.44 & -1.20 & -0.91 & -0.70 & 0.00 \\ 
   \hline
\end{tabular}
\end{table}
