% latex table generated in R 3.6.0 by xtable 1.8-4 package
% Mon Jun 17 18:54:08 2019
\begin{table}[ht]
\centering
\begin{tabular}{rrrrrrrrrrr}
  \hline
 & OLS & Ridge & Lasso & ENET & PCR & PLSR & GLM & RandomF & GBRT & Oracle \\ 
  \hline
OLS & 0.00 & 1.05 & 1.42 & 1.42 & 0.78 & 0.48 & 1.16 & 2.68 & 2.48 & 2.04 \\ 
  Ridge & -1.05 & 0.00 & 0.35 & 0.27 & -0.69 & -0.80 & 0.23 & 1.47 & 1.77 & 0.80 \\ 
  Lasso & -1.42 & -0.35 & 0.00 & -0.02 & -1.00 & -1.03 & -0.01 & 1.35 & 1.53 & 0.65 \\ 
  ENET & -1.42 & -0.27 & 0.02 & 0.00 & -0.97 & -1.03 & 0.03 & 1.38 & 1.55 & 0.66 \\ 
  PCR & -0.78 & 0.69 & 1.00 & 0.97 & 0.00 & -0.37 & 0.78 & 1.63 & 1.86 & 1.03 \\ 
  PLSR & -0.48 & 0.80 & 1.03 & 1.03 & 0.37 & 0.00 & 0.87 & 2.08 & 2.56 & 1.59 \\ 
  GLM & -1.16 & -0.23 & 0.01 & -0.03 & -0.78 & -0.87 & 0.00 & 1.26 & 1.33 & 0.32 \\ 
  RandomF & -2.68 & -1.47 & -1.35 & -1.38 & -1.63 & -2.08 & -1.26 & 0.00 & -0.19 & -1.24 \\ 
  GBRT & -2.48 & -1.77 & -1.53 & -1.55 & -1.86 & -2.56 & -1.33 & 0.19 & 0.00 & -1.11 \\ 
  Oracle & -2.04 & -0.80 & -0.65 & -0.66 & -1.03 & -1.59 & -0.32 & 1.24 & 1.11 & 0.00 \\ 
   \hline
\end{tabular}
\end{table}
